0.001	-0.620117
0.002	-0.058594
0.003	0.532227
0.004	0.9375
0.005	0.996094
0.006	0.683594
0.007	0.12207
0.008	-0.478516
0.009	-0.888672
0.01	-0.9375
0.011	-0.610352
0.012	-0.048828
0.013	0.541992
0.014	0.9375
0.015	0.991211
0.016	0.673828
0.017	0.117188
0.018	-0.483398
0.019	-0.888672
0.02	-0.932617
0.021	-0.605469
0.022	-0.039062
0.023	0.546875
0.024	0.942383
0.025	0.991211
0.026	0.664062
0.027	0.107422
0.028	-0.488281
0.029	-0.893555
0.03	-0.932617
0.031	-0.600586
0.032	-0.029297
0.033	0.556641
0.034	0.947266
0.035	0.991211
0.036	0.65918
0.037	0.097656
0.038	-0.498047
0.039	-0.898438
0.04	-0.932617
0.041	-0.59082
0.042	-0.019531
0.043	0.561523
0.044	0.947266
0.045	0.986328
0.046	0.654297
0.047	0.087891
0.048	-0.507812
0.049	-0.898438
0.05	-0.927734
0.051	-0.581055
0.052	-0.009766
0.053	0.571289
0.054	0.952148
0.055	0.981445
0.056	0.644531
0.057	0.078125
0.058	-0.512695
0.059	-0.90332
0.06	-0.927734
0.061	-0.576172
0.062	-0.004883
0.063	0.576172
0.064	0.957031
0.065	0.981445
0.066	0.639648
0.067	0.068359
0.068	-0.522461
0.069	-0.908203
0.07	-0.922852
0.071	-0.571289
0.072	0.004883
0.073	0.585938
0.074	0.961914
0.075	0.976562
0.076	0.629883
0.077	0.063477
0.078	-0.527344
0.079	-0.908203
0.08	-0.922852
0.081	-0.566406
0.082	0.014648
0.083	0.59082
0.084	0.961914
0.085	0.976562
0.086	0.625
0.087	0.053711
0.088	-0.537109
0.089	-0.913086
0.09	-0.917969
0.091	-0.556641
0.092	0.024414
0.093	0.595703
0.094	0.966797
0.095	0.97168
0.096	0.615234
0.097	0.043945
0.098	-0.541992
0.099	-0.913086
1.121039e-042	-0.913086
