0.001	0.976562
0.002	0.976562
0.003	0.976562
0.004	0.976562
0.005	0.976562
0.006	0.97168
0.007	0.97168
0.008	0.97168
0.009	0.97168
0.01	0.97168
0.011	0.97168
0.012	0.966797
0.013	0.966797
0.014	0.97168
0.015	0.966797
0.016	0.966797
0.017	0.966797
0.018	0.966797
0.019	0.966797
0.02	0.966797
0.021	0.966797
0.022	0.961914
0.023	0.961914
0.024	0.961914
0.025	0.961914
0.026	0.961914
0.027	0.961914
0.028	0.961914
0.029	0.957031
0.03	0.957031
0.031	0.957031
0.032	0.957031
0.033	0.957031
0.034	0.952148
0.035	0.952148
0.036	0.952148
0.037	0.952148
0.038	0.952148
0.039	0.952148
0.04	0.952148
0.041	0.952148
0.042	0.947266
0.043	0.947266
0.044	0.947266
0.045	0.947266
0.046	0.942383
0.047	0.942383
0.048	0.942383
0.049	0.942383
0.05	0.942383
0.051	0.9375
0.052	0.9375
0.053	0.9375
0.054	0.932617
0.055	0.932617
0.056	0.932617
0.057	0.932617
0.058	0.927734
0.059	0.927734
0.06	0.927734
0.061	0.922852
0.062	0.922852
0.063	0.922852
0.064	0.922852
0.065	0.917969
0.066	0.917969
0.067	0.917969
0.068	0.913086
0.069	0.913086
0.07	0.913086
0.071	0.913086
0.072	0.908203
0.073	0.908203
0.074	0.90332
0.075	0.90332
0.076	0.90332
0.077	0.898438
0.078	0.898438
0.079	0.898438
0.08	0.898438
0.081	0.893555
0.082	0.893555
0.083	0.888672
0.084	0.888672
0.085	0.888672
0.086	0.883789
0.087	0.883789
0.088	0.883789
0.089	0.878906
0.09	0.878906
0.091	0.874023
0.092	0.874023
0.093	0.874023
0.094	0.869141
0.095	0.869141
0.096	0.869141
0.097	0.864258
0.098	0.864258
0.099	0.859375
1.121039e-042	0.859375
