0.001	0.15625
0.002	-0.078125
0.003	0.146484
0.004	-0.063477
0.005	0.131836
0.006	-0.048828
0.007	0.117188
0.008	-0.039062
0.009	0.102539
0.01	-0.024414
0.011	0.092773
0.012	-0.014648
0.013	0.083008
0.014	0.0
0.015	0.063477
0.016	0.019531
0.017	0.053711
0.018	0.029297
0.019	0.039062
0.02	0.039062
0.021	0.029297
0.022	0.053711
0.023	0.014648
0.024	0.068359
0.025	0.0
0.026	0.078125
0.027	-0.009766
0.028	0.092773
0.029	-0.024414
0.03	0.107422
0.031	-0.039062
0.032	0.12207
0.033	-0.048828
0.034	0.131836
0.035	-0.063477
0.036	0.146484
0.037	-0.078125
0.038	0.15625
0.039	-0.087891
0.04	0.170898
0.041	-0.102539
0.042	0.185547
0.043	-0.117188
0.044	0.195312
0.045	-0.126953
0.046	0.209961
0.047	-0.141602
0.048	0.224609
0.049	-0.15625
0.05	0.234375
0.051	-0.166016
0.052	0.244141
0.053	-0.175781
0.054	0.258789
0.055	-0.19043
0.056	0.273438
0.057	-0.205078
0.058	0.283203
0.059	-0.214844
0.06	0.297852
0.061	-0.229492
0.062	0.307617
0.063	-0.239258
0.064	0.322266
0.065	-0.253906
0.066	0.332031
0.067	-0.263672
0.068	0.341797
0.069	-0.27832
0.07	0.356445
0.071	-0.288086
0.072	0.366211
0.073	-0.297852
0.074	0.380859
0.075	-0.3125
0.076	0.395508
0.077	-0.327148
0.078	0.405273
0.079	-0.336914
0.08	0.415039
0.081	-0.34668
0.082	0.429688
0.083	-0.361328
0.084	0.439453
0.085	-0.371094
0.086	0.454102
0.087	-0.385742
0.088	0.463867
0.089	-0.395508
0.09	0.473633
0.091	-0.405273
0.092	0.488281
0.093	-0.419922
0.094	0.498047
0.095	-0.429688
0.096	0.507812
0.097	-0.444336
0.098	0.522461
0.099	-0.454102
1.121039e-042	0.532227
