0.001	0.625
0.002	-0.756836
0.003	-0.566406
0.004	0.825195
0.005	0.620117
0.006	-0.761719
0.007	-0.561523
0.008	0.825195
0.009	0.620117
0.01	-0.761719
0.011	-0.556641
0.012	0.825195
0.013	0.615234
0.014	-0.766602
0.015	-0.551758
0.016	0.834961
0.017	0.610352
0.018	-0.766602
0.019	-0.546875
0.02	0.834961
0.021	0.605469
0.022	-0.771484
0.023	-0.541992
0.024	0.834961
0.025	0.600586
0.026	-0.776367
0.027	-0.541992
0.028	0.839844
0.029	0.600586
0.03	-0.776367
0.031	-0.537109
0.032	0.839844
0.033	0.595703
0.034	-0.78125
0.035	-0.532227
0.036	0.844727
0.037	0.59082
0.038	-0.78125
0.039	-0.527344
0.04	0.844727
0.041	0.59082
0.042	-0.786133
0.043	-0.527344
0.044	0.849609
0.045	0.585938
0.046	-0.786133
0.047	-0.522461
0.048	0.854492
0.049	0.581055
0.05	-0.791016
0.051	-0.517578
0.052	0.854492
0.053	0.576172
0.054	-0.795898
0.055	-0.512695
0.056	0.859375
0.057	0.571289
0.058	-0.795898
0.059	-0.507812
0.06	0.859375
0.061	0.566406
0.062	-0.800781
0.063	-0.507812
0.064	0.864258
0.065	0.566406
0.066	-0.800781
0.067	-0.50293
0.068	0.864258
0.069	0.561523
0.07	-0.805664
0.071	-0.498047
0.072	0.869141
0.073	0.556641
0.074	-0.805664
0.075	-0.493164
0.076	0.869141
0.077	0.556641
0.078	-0.810547
0.079	-0.493164
0.08	0.869141
0.081	0.551758
0.082	-0.810547
0.083	-0.483398
0.084	0.874023
0.085	0.546875
0.086	-0.81543
0.087	-0.483398
0.088	0.878906
0.089	0.541992
0.09	-0.81543
0.091	-0.478516
0.092	0.878906
0.093	0.537109
0.094	-0.820312
0.095	-0.473633
0.096	0.883789
0.097	0.532227
0.098	-0.820312
0.099	-0.46875
1.121039e-042	0.883789
