0.001	0.146484
0.002	0.146484
0.003	0.151367
0.004	0.151367
0.005	0.151367
0.006	0.151367
0.007	0.151367
0.008	0.151367
0.009	0.151367
0.01	0.151367
0.011	0.151367
0.012	0.151367
0.013	0.151367
0.014	0.151367
0.015	0.15625
0.016	0.15625
0.017	0.15625
0.018	0.15625
0.019	0.15625
0.02	0.15625
0.021	0.15625
0.022	0.15625
0.023	0.15625
0.024	0.15625
0.025	0.15625
0.026	0.15625
0.027	0.15625
0.028	0.15625
0.029	0.15625
0.03	0.161133
0.031	0.161133
0.032	0.161133
0.033	0.161133
0.034	0.161133
0.035	0.161133
0.036	0.161133
0.037	0.161133
0.038	0.166016
0.039	0.161133
0.04	0.161133
0.041	0.161133
0.042	0.161133
0.043	0.161133
0.044	0.161133
0.045	0.166016
0.046	0.166016
0.047	0.166016
0.048	0.166016
0.049	0.166016
0.05	0.166016
0.051	0.166016
0.052	0.166016
0.053	0.166016
0.054	0.166016
0.055	0.170898
0.056	0.170898
0.057	0.170898
0.058	0.166016
0.059	0.166016
0.06	0.166016
0.061	0.166016
0.062	0.170898
0.063	0.170898
0.064	0.170898
0.065	0.170898
0.066	0.170898
0.067	0.170898
0.068	0.170898
0.069	0.170898
0.07	0.170898
0.071	0.170898
0.072	0.175781
0.073	0.175781
0.074	0.170898
0.075	0.175781
0.076	0.175781
0.077	0.175781
0.078	0.175781
0.079	0.175781
0.08	0.175781
0.081	0.175781
0.082	0.175781
0.083	0.175781
0.084	0.175781
0.085	0.175781
0.086	0.175781
0.087	0.180664
0.088	0.180664
0.089	0.180664
0.09	0.180664
0.091	0.180664
0.092	0.180664
0.093	0.180664
0.094	0.180664
0.095	0.180664
0.096	0.180664
0.097	0.185547
0.098	0.185547
0.099	0.185547
1.121039e-042	0.185547
