0.001	-0.825195
0.002	-0.356445
0.003	0.249023
0.004	0.766602
0.005	1.015625
0.006	0.878906
0.007	0.419922
0.008	-0.185547
0.009	-0.717773
0.01	-0.961914
0.011	-0.820312
0.012	-0.34668
0.013	0.253906
0.014	0.771484
0.015	1.020508
0.016	0.874023
0.017	0.415039
0.018	-0.195312
0.019	-0.722656
0.02	-0.966797
0.021	-0.81543
0.022	-0.341797
0.023	0.263672
0.024	0.776367
0.025	1.020508
0.026	0.869141
0.027	0.405273
0.028	-0.200195
0.029	-0.727539
0.03	-0.966797
0.031	-0.810547
0.032	-0.332031
0.033	0.273438
0.034	0.786133
0.035	1.020508
0.036	0.864258
0.037	0.395508
0.038	-0.209961
0.039	-0.732422
0.04	-0.966797
0.041	-0.805664
0.042	-0.327148
0.043	0.27832
0.044	0.791016
0.045	1.020508
0.046	0.859375
0.047	0.385742
0.048	-0.219727
0.049	-0.737305
5.605194e-043	-0.966797
